5.000000000000000104e-03
9.000000000000001055e-03
1.300000000000000114e-02
1.700000000000000469e-02
2.100000000000000477e-02
2.500000000000000486e-02
2.900000000000000841e-02
3.300000000000000849e-02
3.700000000000000511e-02
4.100000000000000866e-02
4.500000000000000527e-02
4.900000000000000883e-02
5.300000000000001238e-02
5.700000000000000899e-02
6.100000000000001255e-02
6.500000000000001610e-02
6.900000000000001965e-02
7.300000000000002320e-02
7.700000000000002676e-02
8.100000000000001643e-02
8.500000000000001998e-02
8.900000000000002354e-02
9.300000000000002709e-02
9.700000000000003064e-02
1.010000000000000342e-01
1.050000000000000239e-01
1.090000000000000274e-01
1.130000000000000310e-01
1.170000000000000345e-01
1.210000000000000381e-01
1.250000000000000278e-01
1.290000000000000313e-01
1.330000000000000349e-01
1.370000000000000384e-01
1.410000000000000420e-01
1.450000000000000455e-01
1.490000000000000491e-01
1.530000000000000526e-01
1.570000000000000284e-01
1.610000000000000320e-01
1.650000000000000355e-01
1.690000000000000391e-01
1.730000000000000426e-01
1.770000000000000462e-01
1.810000000000000497e-01
1.850000000000000533e-01
1.890000000000000568e-01
1.930000000000000604e-01
1.970000000000000639e-01
2.010000000000000397e-01
2.050000000000000433e-01
2.090000000000000469e-01
2.130000000000000504e-01
2.170000000000000540e-01
2.210000000000000575e-01
2.250000000000000611e-01
2.290000000000000646e-01
2.330000000000000682e-01
2.370000000000000717e-01
2.410000000000000475e-01
2.450000000000000511e-01
2.490000000000000546e-01
2.530000000000000582e-01
2.570000000000000617e-01
2.610000000000000653e-01
2.650000000000000688e-01
2.690000000000000724e-01
2.730000000000000759e-01
2.770000000000000795e-01
2.810000000000000830e-01
2.850000000000000866e-01
2.890000000000000902e-01
2.930000000000000937e-01
2.970000000000000973e-01
